61 144.0 40.0 333.0 165.0
62 202.0 28.0 164.0 340.0
63 72.0 68.0 383.0 225.0
64 60.0 128.0 438.0 106.0
65 32.0 35.0 259.0 361.0
66 41.0 79.0 387.0 202.0
67 156.0 35.0 126.0 259.0
68 108.0 123.0 230.0 149.0
69 82.0 75.0 308.0 260.0
70 89.0 172.0 108.0 146.0
71 83.0 124.0 211.0 250.0
72 75.0 80.0 375.0 277.0
73 41.0 31.0 384.0 260.0
74 45.0 31.0 268.0 306.0
75 38.0 91.0 316.0 193.0
76 137.0 72.0 202.0 211.0
77 15.0 25.0 409.0 274.0
78 193.0 46.0 202.0 195.0
79 99.0 115.0 316.0 284.0
80 71.0 50.0 312.0 236.0
81 67.0 25.0 358.0 248.0
82 109.0 13.0 276.0 295.0
83 35.0 114.0 418.0 216.0
84 41.0 89.0 378.0 304.0
85 8.0 75.0 350.0 424.0
86 157.0 36.0 195.0 365.0
87 30.0 7.0 437.0 321.0
88 58.0 91.0 332.0 256.0
89 84.0 25.0 285.0 307.0
90 193.0 53.0 244.0 254.0
91 119.0 42.0 118.0 123.0
92 18.0 60.0 459.0 239.0
93 135.0 120.0 201.0 138.0
94 45.0 10.0 322.0 281.0
95 120.0 60.0 101.0 218.0
96 151.0 23.0 274.0 351.0
97 46.0 71.0 403.0 280.0
98 118.0 19.0 222.0 294.0
99 24.0 53.0 361.0 181.0
100 13.0 58.0 473.0 243.0
101 125.0 72.0 306.0 149.0
102 92.0 47.0 331.0 260.0
103 152.0 41.0 187.0 271.0
104 83.0 90.0 245.0 394.0
105 127.0 55.0 252.0 182.0
106 116.0 18.0 283.0 314.0
107 64.0 94.0 287.0 223.0
108 138.0 88.0 120.0 156.0
109 43.0 62.0 286.0 432.0
110 148.0 115.0 149.0 193.0
111 136.0 66.0 171.0 243.0
112 140.0 100.0 237.0 199.0
113 31.0 52.0 377.0 172.0
114 26.0 53.0 331.0 211.0
115 183.0 80.0 237.0 200.0
116 128.0 109.0 221.0 198.0
117 165.0 48.0 166.0 268.0
118 145.0 42.0 182.0 288.0
119 92.0 69.0 366.0 269.0
120 77.0 93.0 163.0 178.0
604 189.0 112.0 151.0 121.0
605 66.0 95.0 327.0 224.0
606 120.0 202.0 152.0 250.0
607 115.0 102.0 285.0 315.0
608 183.0 88.0 123.0 181.0
609 142.0 176.0 100.0 226.0
610 140.0 94.0 113.0 255.0
611 127.0 93.0 145.0 291.0
612 71.0 96.0 191.0 162.0
613 53.0 42.0 371.0 166.0
614 22.0 28.0 458.0 291.0
615 152.0 64.0 124.0 182.0
616 202.0 47.0 212.0 246.0
617 37.0 110.0 269.0 334.0
618 114.0 32.0 131.0 177.0
619 18.0 84.0 271.0 316.0
620 100.0 117.0 210.0 122.0
621 171.0 117.0 109.0 163.0
622 195.0 125.0 164.0 174.0
623 136.0 110.0 182.0 213.0
624 131.0 136.0 210.0 315.0
625 166.0 163.0 170.0 311.0
626 129.0 140.0 204.0 188.0
627 156.0 106.0 157.0 166.0
628 135.0 110.0 163.0 135.0
629 210.0 150.0 158.0 135.0
630 54.0 97.0 281.0 182.0
631 140.0 83.0 164.0 205.0
632 106.0 176.0 120.0 114.0
633 148.0 104.0 139.0 369.0
634 153.0 89.0 201.0 223.0
635 190.0 80.0 188.0 219.0
636 136.0 84.0 140.0 255.0
637 170.0 20.0 121.0 300.0
638 228.0 48.0 219.0 257.0
639 196.0 94.0 160.0 201.0
640 151.0 99.0 179.0 175.0
641 111.0 120.0 179.0 157.0
642 104.0 107.0 184.0 285.0
643 116.0 57.0 332.0 333.0
644 161.0 75.0 161.0 184.0
645 183.0 69.0 141.0 332.0
646 98.0 102.0 270.0 178.0
647 72.0 104.0 285.0 350.0
648 117.0 88.0 195.0 213.0
649 102.0 77.0 198.0 198.0
650 42.0 111.0 267.0 161.0
651 1.0 128.0 338.0 171.0
652 165.0 153.0 309.0 235.0
653 124.0 89.0 157.0 216.0
654 136.0 247.0 244.0 187.0
655 109.0 110.0 292.0 315.0
656 1.0 100.0 299.0 276.0
657 152.0 56.0 259.0 301.0
658 180.0 89.0 261.0 235.0
659 116.0 123.0 174.0 189.0
720 90.0 57.0 187.0 315.0
721 194.0 19.0 102.0 263.0
722 45.0 65.0 238.0 294.0
723 61.0 25.0 297.0 224.0
724 161.0 34.0 203.0 276.0
725 38.0 90.0 201.0 259.0
726 140.0 84.0 158.0 314.0
727 278.0 159.0 214.0 126.0
728 127.0 87.0 161.0 151.0
729 105.0 24.0 338.0 295.0
730 129.0 22.0 236.0 291.0
731 77.0 170.0 183.0 176.0
732 36.0 112.0 356.0 173.0
733 49.0 79.0 392.0 254.0
734 114.0 82.0 169.0 152.0
735 86.0 141.0 172.0 178.0
736 0.0 46.0 488.0 302.0
737 208.0 112.0 120.0 116.0
738 228.0 47.0 220.0 122.0
739 85.0 141.0 111.0 256.0
740 194.0 214.0 118.0 223.0
741 71.0 120.0 312.0 289.0
742 150.0 145.0 239.0 239.0
743 257.0 61.0 134.0 237.0
744 18.0 18.0 481.0 309.0
745 165.0 139.0 133.0 125.0
746 82.0 223.0 117.0 110.0
747 102.0 128.0 190.0 196.0
748 41.0 87.0 184.0 412.0
749 108.0 133.0 193.0 259.0
750 128.0 56.0 124.0 243.0
751 301.0 64.0 175.0 166.0
752 14.0 78.0 316.0 223.0
753 213.0 74.0 111.0 258.0
754 187.0 108.0 148.0 210.0
755 218.0 273.0 189.0 101.0
756 153.0 95.0 188.0 168.0
757 58.0 70.0 216.0 306.0
758 118.0 131.0 196.0 155.0
759 128.0 107.0 249.0 155.0
760 54.0 118.0 227.0 291.0
761 119.0 93.0 152.0 223.0
762 119.0 78.0 144.0 137.0
763 91.0 149.0 219.0 174.0
764 86.0 145.0 206.0 161.0
765 109.0 37.0 307.0 277.0
766 127.0 117.0 154.0 243.0
767 51.0 62.0 307.0 263.0
768 274.0 25.0 204.0 208.0
769 120.0 150.0 127.0 168.0
770 142.0 90.0 215.0 196.0
771 95.0 121.0 117.0 121.0
772 89.0 110.0 142.0 195.0
773 52.0 147.0 260.0 200.0
774 145.0 75.0 181.0 161.0
775 7.0 105.0 431.0 288.0
776 102.0 145.0 183.0 140.0
777 66.0 84.0 315.0 136.0
778 88.0 72.0 346.0 256.0
779 174.0 52.0 309.0 226.0
1343 69.0 88.0 351.0 170.0
1344 94.0 110.0 217.0 150.0
1345 161.0 24.0 149.0 277.0
1346 54.0 13.0 312.0 482.0
1347 103.0 91.0 287.0 213.0
1348 229.0 35.0 147.0 310.0
1349 47.0 89.0 219.0 201.0
1350 152.0 64.0 187.0 427.0
1351 62.0 64.0 169.0 406.0
1352 131.0 5.0 155.0 306.0
1353 127.0 20.0 176.0 470.0
1354 194.0 98.0 137.0 251.0
1355 89.0 122.0 356.0 127.0
1356 33.0 39.0 331.0 223.0
1357 73.0 106.0 347.0 219.0
1358 71.0 45.0 230.0 343.0
1359 146.0 123.0 143.0 314.0
1360 89.0 38.0 229.0 456.0
1361 16.0 133.0 261.0 347.0
1362 42.0 118.0 247.0 298.0
1363 103.0 91.0 132.0 287.0
1364 158.0 42.0 175.0 390.0
1365 82.0 18.0 233.0 268.0
1366 31.0 54.0 424.0 176.0
1367 17.0 111.0 430.0 174.0
1368 196.0 21.0 191.0 160.0
1369 94.0 21.0 232.0 395.0
1370 58.0 245.0 112.0 179.0
1371 162.0 47.0 256.0 312.0
1372 175.0 37.0 179.0 291.0
1373 125.0 80.0 186.0 338.0
1374 39.0 66.0 392.0 173.0
1375 6.0 82.0 305.0 364.0
1376 107.0 59.0 321.0 147.0
1377 161.0 157.0 188.0 123.0
1378 56.0 86.0 202.0 144.0
1379 172.0 41.0 118.0 263.0
1380 138.0 91.0 285.0 200.0
1381 88.0 137.0 126.0 241.0
1382 45.0 180.0 269.0 249.0
1383 86.0 55.0 263.0 409.0
1384 10.0 35.0 307.0 172.0
1385 176.0 90.0 110.0 121.0
1386 185.0 71.0 166.0 258.0
1387 118.0 122.0 282.0 252.0
1388 61.0 51.0 229.0 343.0
1389 109.0 149.0 330.0 172.0
1390 63.0 81.0 131.0 233.0
1391 10.0 57.0 307.0 273.0
1392 86.0 64.0 179.0 359.0
1393 98.0 58.0 202.0 311.0
1394 156.0 34.0 177.0 290.0
1395 47.0 132.0 278.0 122.0
1396 13.0 24.0 260.0 364.0
1397 192.0 51.0 137.0 318.0
1398 166.0 55.0 173.0 318.0
1399 57.0 34.0 275.0 437.0
1400 144.0 87.0 166.0 264.0
1401 63.0 71.0 387.0 263.0
1402 100.0 69.0 326.0 175.0
1582 88.0 55.0 275.0 218.0
1583 173.0 124.0 162.0 132.0
1584 33.0 71.0 415.0 413.0
1585 132.0 130.0 342.0 198.0
1586 73.0 40.0 346.0 283.0
1587 180.0 78.0 317.0 168.0
1588 116.0 75.0 319.0 269.0
1589 82.0 26.0 307.0 415.0
1590 2.0 50.0 373.0 313.0
1591 45.0 112.0 372.0 302.0
1592 29.0 136.0 329.0 168.0
1593 44.0 110.0 289.0 335.0
1594 35.0 29.0 360.0 263.0
1595 6.0 18.0 318.0 321.0
1596 37.0 58.0 272.0 233.0
1597 38.0 61.0 450.0 218.0
1598 0.0 99.0 373.0 359.0
1599 12.0 53.0 399.0 268.0
1600 222.0 117.0 156.0 158.0
1601 156.0 70.0 329.0 183.0
1602 2.0 9.0 355.0 485.0
1603 165.0 39.0 157.0 236.0
1604 60.0 118.0 267.0 130.0
1605 19.0 38.0 427.0 333.0
1606 82.0 65.0 351.0 433.0
1607 67.0 71.0 419.0 233.0
1608 75.0 32.0 418.0 354.0
1609 58.0 80.0 422.0 247.0
1610 71.0 106.0 237.0 293.0
1611 78.0 50.0 266.0 186.0
1612 55.0 57.0 339.0 266.0
1613 229.0 106.0 104.0 106.0
1614 186.0 90.0 244.0 314.0
1615 133.0 22.0 294.0 255.0
1616 118.0 101.0 221.0 167.0
1617 133.0 71.0 244.0 218.0
1618 14.0 51.0 462.0 334.0
1619 73.0 87.0 312.0 246.0
1620 51.0 39.0 380.0 264.0
1621 28.0 29.0 441.0 267.0
1622 76.0 101.0 325.0 162.0
1623 109.0 35.0 377.0 276.0
1624 15.0 60.0 437.0 258.0
1625 182.0 56.0 208.0 266.0
1626 70.0 78.0 278.0 239.0
1627 121.0 24.0 364.0 270.0
1628 11.0 45.0 293.0 320.0
1629 26.0 22.0 438.0 297.0
1630 213.0 58.0 191.0 144.0
1631 195.0 111.0 126.0 171.0
1632 62.0 98.0 251.0 192.0
1633 61.0 49.0 362.0 295.0
1634 88.0 32.0 360.0 286.0
1635 65.0 76.0 433.0 203.0
1636 165.0 58.0 290.0 218.0
1637 213.0 56.0 146.0 205.0
1638 101.0 52.0 347.0 276.0
1639 75.0 53.0 333.0 276.0
1640 32.0 23.0 465.0 351.0
1641 93.0 88.0 266.0 189.0
1815 94.0 69.0 269.0 348.0
1816 94.0 138.0 101.0 118.0
1817 205.0 117.0 160.0 206.0
1818 99.0 109.0 262.0 168.0
1819 117.0 116.0 249.0 328.0
1820 33.0 76.0 370.0 190.0
1821 129.0 45.0 236.0 290.0
1822 88.0 79.0 197.0 377.0
1823 163.0 96.0 249.0 121.0
1824 31.0 83.0 465.0 207.0
1825 166.0 227.0 126.0 104.0
1826 74.0 55.0 146.0 202.0
1827 35.0 37.0 175.0 285.0
1828 76.0 54.0 167.0 411.0
1829 109.0 62.0 177.0 437.0
1830 3.0 17.0 474.0 342.0
1831 75.0 123.0 276.0 145.0
1832 164.0 57.0 162.0 294.0
1833 88.0 153.0 106.0 292.0
1834 115.0 87.0 295.0 178.0
1835 185.0 117.0 139.0 219.0
1836 114.0 97.0 154.0 222.0
1837 120.0 159.0 283.0 135.0
1838 0.0 120.0 397.0 213.0
1839 59.0 113.0 297.0 181.0
1840 88.0 68.0 117.0 128.0
1841 67.0 61.0 423.0 329.0
1842 28.0 53.0 443.0 197.0
1843 71.0 124.0 196.0 327.0
1844 164.0 134.0 198.0 151.0
1845 80.0 114.0 249.0 313.0
1846 124.0 60.0 306.0 263.0
1847 131.0 190.0 207.0 273.0
1848 149.0 67.0 202.0 158.0
1849 120.0 169.0 119.0 238.0
1850 203.0 117.0 147.0 334.0
1851 170.0 94.0 195.0 252.0
1852 216.0 130.0 161.0 160.0
1853 110.0 78.0 164.0 379.0
1854 90.0 47.0 356.0 178.0
1855 31.0 90.0 252.0 382.0
1856 84.0 46.0 274.0 388.0
1857 35.0 88.0 267.0 320.0
1858 82.0 115.0 271.0 193.0
1859 105.0 24.0 219.0 258.0
1860 117.0 74.0 128.0 177.0
1861 71.0 51.0 163.0 435.0
1862 188.0 143.0 140.0 161.0
1863 133.0 68.0 193.0 195.0
1864 98.0 138.0 106.0 274.0
1865 46.0 1.0 316.0 220.0
1866 118.0 71.0 184.0 292.0
1867 104.0 112.0 200.0 157.0
1868 123.0 90.0 188.0 388.0
1869 102.0 176.0 112.0 225.0
1870 65.0 26.0 143.0 439.0
1871 210.0 125.0 112.0 208.0
1872 68.0 86.0 257.0 376.0
1873 168.0 106.0 222.0 266.0
1933 221.0 108.0 191.0 130.0
1934 178.0 83.0 174.0 257.0
1935 55.0 63.0 241.0 379.0
1936 102.0 29.0 245.0 270.0
1937 100.0 83.0 396.0 244.0
1938 175.0 103.0 307.0 176.0
1939 76.0 57.0 270.0 278.0
1940 254.0 60.0 204.0 251.0
1941 168.0 34.0 274.0 249.0
1942 113.0 121.0 307.0 269.0
1943 224.0 23.0 275.0 154.0
1944 69.0 24.0 409.0 294.0
1945 75.0 33.0 318.0 361.0
1946 126.0 80.0 191.0 112.0
1947 31.0 66.0 414.0 221.0
1948 24.0 36.0 429.0 243.0
1949 106.0 37.0 145.0 281.0
1950 141.0 97.0 272.0 261.0
1951 1.0 59.0 368.0 279.0
1952 154.0 130.0 189.0 280.0
1953 35.0 113.0 314.0 241.0
1954 59.0 97.0 382.0 183.0
1955 111.0 65.0 169.0 226.0
1956 110.0 165.0 153.0 153.0
1957 1.0 84.0 338.0 291.0
1958 256.0 85.0 215.0 228.0
1959 190.0 47.0 111.0 258.0
1960 48.0 91.0 255.0 194.0
1961 214.0 99.0 233.0 144.0
1962 17.0 62.0 396.0 240.0
1963 67.0 72.0 403.0 249.0
1964 48.0 108.0 297.0 177.0
1965 88.0 32.0 243.0 235.0
1966 1.0 89.0 400.0 244.0
1967 125.0 108.0 172.0 151.0
1968 73.0 75.0 230.0 349.0
1969 71.0 70.0 262.0 234.0
1970 106.0 69.0 259.0 284.0
1971 128.0 57.0 299.0 273.0
1972 103.0 83.0 176.0 185.0
1973 100.0 136.0 281.0 210.0
1974 15.0 95.0 414.0 216.0
1975 56.0 59.0 264.0 216.0
1976 33.0 36.0 323.0 263.0
1977 135.0 253.0 113.0 114.0
1978 158.0 44.0 261.0 295.0
1979 148.0 91.0 351.0 231.0
1980 18.0 147.0 312.0 173.0
1981 150.0 65.0 186.0 220.0
1982 90.0 44.0 368.0 277.0
1983 131.0 43.0 259.0 322.0
1984 232.0 120.0 105.0 131.0
1985 66.0 61.0 183.0 349.0
1986 55.0 104.0 245.0 306.0
1987 49.0 120.0 181.0 102.0
1988 115.0 116.0 141.0 226.0
1989 114.0 48.0 177.0 117.0
1990 129.0 96.0 168.0 215.0
1991 118.0 97.0 177.0 184.0
1992 94.0 119.0 353.0 180.0
2351 96.0 75.0 224.0 333.0
2352 145.0 127.0 277.0 186.0
2353 121.0 149.0 144.0 146.0
2354 95.0 168.0 140.0 104.0
2355 163.0 169.0 169.0 136.0
2356 173.0 69.0 187.0 245.0
2357 170.0 65.0 304.0 253.0
2358 164.0 187.0 210.0 166.0
2359 48.0 112.0 258.0 271.0
2360 27.0 160.0 254.0 154.0
2361 186.0 76.0 162.0 155.0
2362 201.0 135.0 121.0 154.0
2363 220.0 62.0 200.0 191.0
2364 151.0 68.0 321.0 243.0
2365 56.0 89.0 314.0 314.0
2366 106.0 93.0 110.0 123.0
2367 157.0 52.0 230.0 263.0
2368 138.0 58.0 225.0 240.0
2369 192.0 49.0 267.0 259.0
2370 170.0 127.0 109.0 122.0
2371 163.0 94.0 151.0 194.0
2372 45.0 36.0 229.0 209.0
2373 179.0 68.0 117.0 142.0
2374 62.0 156.0 136.0 129.0
2375 41.0 67.0 340.0 306.0
2376 103.0 102.0 200.0 191.0
2377 261.0 108.0 134.0 133.0
2378 105.0 80.0 217.0 149.0
2379 80.0 43.0 383.0 252.0
2380 98.0 42.0 309.0 229.0
2381 157.0 54.0 314.0 160.0
2382 167.0 85.0 242.0 244.0
2383 161.0 81.0 190.0 160.0
2384 76.0 101.0 214.0 330.0
2385 175.0 68.0 290.0 297.0
2386 18.0 36.0 457.0 354.0
2387 146.0 60.0 156.0 134.0
2388 183.0 146.0 106.0 248.0
2389 130.0 40.0 204.0 278.0
2390 132.0 111.0 160.0 150.0
2391 203.0 78.0 226.0 151.0
2392 39.0 102.0 230.0 306.0
2393 235.0 80.0 255.0 179.0
2394 79.0 26.0 332.0 270.0
2395 25.0 72.0 220.0 144.0
2396 169.0 64.0 271.0 281.0
2397 231.0 118.0 174.0 271.0
2398 11.0 55.0 305.0 343.0
2399 74.0 66.0 259.0 383.0
2400 201.0 119.0 165.0 121.0
2401 88.0 153.0 201.0 160.0
2402 174.0 83.0 176.0 167.0
2403 30.0 102.0 241.0 237.0
2404 207.0 120.0 216.0 306.0
2405 38.0 55.0 365.0 307.0
2406 106.0 40.0 378.0 282.0
2407 179.0 74.0 137.0 255.0
2408 199.0 116.0 121.0 141.0
2409 82.0 37.0 137.0 166.0
2410 83.0 38.0 395.0 333.0
2710 149.0 126.0 128.0 174.0
2711 10.0 24.0 291.0 187.0
2712 45.0 64.0 168.0 294.0
2713 2.0 4.0 468.0 356.0
2714 8.0 59.0 298.0 226.0
2715 164.0 109.0 314.0 210.0
2716 197.0 82.0 269.0 140.0
2717 53.0 61.0 239.0 310.0
2718 177.0 55.0 248.0 191.0
2719 94.0 110.0 110.0 120.0
2720 20.0 71.0 352.0 198.0
2721 238.0 63.0 217.0 196.0
2722 12.0 98.0 223.0 292.0
2723 80.0 159.0 223.0 135.0
2724 84.0 120.0 126.0 284.0
2725 24.0 52.0 112.0 143.0
2726 53.0 189.0 195.0 200.0
2727 26.0 33.0 242.0 325.0
2728 58.0 50.0 337.0 222.0
2729 34.0 109.0 358.0 209.0
2730 50.0 61.0 160.0 207.0
2731 101.0 17.0 248.0 118.0
2732 207.0 54.0 245.0 192.0
2733 18.0 204.0 313.0 250.0
2734 89.0 99.0 279.0 220.0
2735 100.0 45.0 162.0 164.0
2736 81.0 49.0 232.0 248.0
2737 251.0 90.0 193.0 186.0
2738 107.0 150.0 169.0 238.0
2739 34.0 81.0 212.0 252.0
2740 6.0 11.0 269.0 214.0
2741 67.0 44.0 273.0 296.0
2742 9.0 6.0 306.0 260.0
2743 100.0 46.0 187.0 284.0
2744 242.0 101.0 188.0 104.0
2745 160.0 120.0 134.0 150.0
2746 135.0 106.0 207.0 227.0
2747 269.0 154.0 204.0 148.0
2748 248.0 89.0 166.0 143.0
2749 269.0 84.0 157.0 256.0
2750 61.0 56.0 267.0 384.0
2751 264.0 130.0 151.0 125.0
2752 50.0 95.0 320.0 308.0
2753 218.0 72.0 203.0 200.0
2754 83.0 262.0 136.0 132.0
2755 155.0 129.0 208.0 155.0
2756 129.0 66.0 166.0 124.0
2757 36.0 79.0 272.0 190.0
2758 43.0 104.0 166.0 100.0
2759 88.0 113.0 227.0 150.0
2760 130.0 82.0 114.0 130.0
2761 39.0 17.0 412.0 356.0
2762 36.0 80.0 277.0 148.0
2763 147.0 46.0 309.0 270.0
2764 44.0 33.0 322.0 274.0
2765 225.0 100.0 261.0 170.0
2766 5.0 25.0 283.0 255.0
2767 145.0 71.0 310.0 158.0
2768 4.0 29.0 377.0 289.0
2769 111.0 89.0 320.0 246.0
2830 201.0 57.0 251.0 127.0
2831 128.0 127.0 250.0 125.0
2832 274.0 49.0 141.0 140.0
2833 140.0 60.0 241.0 181.0
2834 190.0 141.0 182.0 109.0
2835 98.0 124.0 192.0 117.0
2836 128.0 134.0 175.0 112.0
2837 35.0 67.0 226.0 115.0
2838 111.0 50.0 282.0 169.0
2839 153.0 77.0 279.0 245.0
2840 206.0 62.0 248.0 148.0
2841 157.0 76.0 270.0 139.0
2842 221.0 91.0 196.0 113.0
2843 135.0 117.0 143.0 105.0
2844 68.0 29.0 364.0 236.0
2845 108.0 120.0 287.0 143.0
2846 86.0 0.0 396.0 334.0
2847 44.0 127.0 330.0 106.0
2848 82.0 83.0 255.0 187.0
2849 105.0 74.0 202.0 214.0
2850 88.0 54.0 332.0 239.0
2851 89.0 68.0 147.0 119.0
2852 150.0 44.0 212.0 179.0
2853 26.0 65.0 392.0 252.0
2854 145.0 107.0 250.0 154.0
2855 40.0 70.0 295.0 157.0
2856 216.0 133.0 258.0 148.0
2857 163.0 86.0 219.0 164.0
2858 48.0 127.0 268.0 215.0
2859 69.0 33.0 341.0 218.0
2860 94.0 83.0 340.0 167.0
2861 161.0 116.0 324.0 146.0
2862 105.0 85.0 245.0 122.0
2863 61.0 88.0 354.0 133.0
2864 166.0 73.0 142.0 147.0
2865 196.0 93.0 252.0 140.0
2866 174.0 67.0 290.0 213.0
2867 125.0 39.0 248.0 259.0
2868 61.0 93.0 341.0 168.0
2869 218.0 186.0 195.0 109.0
2870 63.0 49.0 336.0 165.0
2871 101.0 84.0 212.0 135.0
2872 32.0 69.0 334.0 226.0
2873 14.0 37.0 381.0 204.0
2874 133.0 59.0 337.0 139.0
2875 4.0 17.0 361.0 282.0
2876 113.0 72.0 278.0 162.0
2877 163.0 91.0 227.0 108.0
2878 116.0 82.0 322.0 161.0
2879 195.0 135.0 214.0 109.0
2880 28.0 27.0 371.0 316.0
2881 106.0 48.0 331.0 239.0
2882 79.0 71.0 250.0 160.0
2883 134.0 85.0 196.0 132.0
2884 161.0 94.0 285.0 160.0
2885 109.0 95.0 245.0 100.0
2886 263.0 137.0 122.0 129.0
2887 93.0 35.0 207.0 217.0
2888 24.0 7.0 312.0 174.0
2889 155.0 80.0 194.0 117.0
3368 43.0 52.0 235.0 187.0
3369 82.0 73.0 320.0 130.0
3370 77.0 57.0 198.0 178.0
3371 106.0 175.0 282.0 119.0
3372 89.0 78.0 228.0 156.0
3373 108.0 151.0 257.0 163.0
3374 31.0 13.0 173.0 222.0
3375 227.0 74.0 272.0 203.0
3376 294.0 65.0 150.0 101.0
3377 125.0 108.0 171.0 186.0
3378 232.0 100.0 215.0 202.0
3379 58.0 45.0 405.0 288.0
3380 208.0 49.0 282.0 257.0
3381 71.0 96.0 242.0 222.0
3382 187.0 56.0 275.0 262.0
3383 153.0 92.0 237.0 267.0
3384 127.0 40.0 328.0 291.0
3385 181.0 51.0 245.0 283.0
3386 41.0 51.0 339.0 264.0
3387 86.0 85.0 356.0 285.0
3388 116.0 8.0 284.0 334.0
3389 67.0 68.0 225.0 112.0
3390 102.0 133.0 304.0 246.0
3391 122.0 99.0 220.0 254.0
3392 99.0 99.0 252.0 164.0
3393 54.0 88.0 262.0 169.0
3394 131.0 163.0 181.0 111.0
3395 55.0 92.0 292.0 183.0
3396 125.0 30.0 314.0 269.0
3397 38.0 57.0 436.0 407.0
3398 10.0 95.0 477.0 155.0
3399 42.0 23.0 370.0 269.0
3400 55.0 48.0 333.0 299.0
3401 39.0 62.0 341.0 315.0
3402 72.0 28.0 372.0 443.0
3403 13.0 115.0 264.0 216.0
3404 336.0 103.0 109.0 213.0
3405 83.0 74.0 200.0 165.0
3406 175.0 100.0 203.0 191.0
3407 219.0 6.0 260.0 231.0
3408 183.0 92.0 208.0 192.0
3409 85.0 55.0 370.0 299.0
3410 37.0 56.0 311.0 275.0
3411 61.0 81.0 276.0 192.0
3412 204.0 120.0 295.0 257.0
3413 13.0 81.0 452.0 106.0
3414 129.0 5.0 332.0 298.0
3415 161.0 109.0 250.0 169.0
3416 18.0 101.0 273.0 196.0
3417 3.0 31.0 375.0 300.0
3418 229.0 145.0 173.0 133.0
3419 91.0 84.0 239.0 159.0
3420 120.0 101.0 271.0 187.0
3421 107.0 76.0 355.0 257.0
3422 88.0 72.0 243.0 200.0
3423 174.0 58.0 165.0 198.0
3424 30.0 26.0 407.0 277.0
3425 181.0 294.0 142.0 124.0
3426 120.0 47.0 168.0 171.0
3427 36.0 76.0 344.0 215.0
3897 117.0 10.0 201.0 104.0
3898 44.0 56.0 294.0 297.0
3899 90.0 81.0 234.0 336.0
3900 97.0 103.0 247.0 276.0
3901 106.0 232.0 176.0 122.0
3902 28.0 104.0 402.0 205.0
3903 29.0 118.0 329.0 252.0
3904 76.0 33.0 312.0 277.0
3905 8.0 22.0 485.0 355.0
3906 6.0 86.0 245.0 198.0
3907 124.0 119.0 179.0 300.0
3908 81.0 45.0 404.0 311.0
3909 131.0 99.0 175.0 134.0
3910 57.0 53.0 198.0 117.0
3911 75.0 65.0 370.0 318.0
3912 20.0 43.0 440.0 218.0
3913 22.0 141.0 317.0 259.0
3914 12.0 166.0 366.0 175.0
3915 181.0 41.0 272.0 149.0
3916 58.0 105.0 232.0 175.0
3917 47.0 69.0 250.0 343.0
3918 145.0 173.0 221.0 211.0
3919 41.0 243.0 207.0 216.0
3920 27.0 95.0 225.0 126.0
3921 28.0 129.0 349.0 248.0
3922 64.0 74.0 391.0 271.0
3923 144.0 92.0 172.0 196.0
3924 90.0 147.0 170.0 111.0
3925 19.0 139.0 263.0 180.0
3926 39.0 71.0 375.0 148.0
3927 95.0 54.0 252.0 318.0
3928 219.0 132.0 161.0 208.0
3929 58.0 41.0 401.0 309.0
3930 159.0 232.0 114.0 113.0
3931 60.0 106.0 251.0 174.0
3932 43.0 79.0 343.0 242.0
3933 95.0 102.0 304.0 155.0
3934 64.0 90.0 345.0 229.0
3935 139.0 110.0 126.0 126.0
3936 108.0 116.0 333.0 247.0
3937 67.0 135.0 218.0 179.0
3938 98.0 95.0 208.0 134.0
3939 21.0 131.0 301.0 259.0
3940 235.0 88.0 124.0 225.0
3941 48.0 98.0 358.0 187.0
3942 121.0 126.0 294.0 287.0
3943 80.0 97.0 346.0 264.0
3944 136.0 112.0 220.0 184.0
3945 56.0 85.0 385.0 304.0
3946 47.0 62.0 384.0 313.0
3947 12.0 41.0 242.0 279.0
3948 49.0 81.0 354.0 261.0
3949 18.0 70.0 335.0 225.0
3950 51.0 97.0 383.0 332.0
3951 43.0 61.0 377.0 222.0
3952 39.0 46.0 225.0 168.0
3953 15.0 159.0 253.0 189.0
3954 73.0 102.0 365.0 291.0
3955 48.0 155.0 280.0 156.0
3956 56.0 67.0 352.0 200.0
4197 88.0 32.0 387.0 254.0
4198 44.0 87.0 240.0 295.0
4199 165.0 30.0 306.0 241.0
4200 201.0 65.0 146.0 145.0
4201 133.0 17.0 284.0 308.0
4202 153.0 61.0 241.0 186.0
4203 97.0 95.0 403.0 376.0
4204 61.0 81.0 412.0 287.0
4205 18.0 110.0 325.0 358.0
4206 222.0 54.0 192.0 235.0
4207 69.0 68.0 229.0 241.0
4208 78.0 8.0 326.0 367.0
4209 139.0 95.0 230.0 334.0
4210 27.0 28.0 346.0 327.0
4211 106.0 125.0 234.0 319.0
4212 4.0 63.0 382.0 297.0
4213 146.0 12.0 273.0 290.0
4214 206.0 118.0 242.0 345.0
4215 41.0 26.0 419.0 306.0
4216 73.0 88.0 355.0 154.0
4217 57.0 81.0 285.0 222.0
4218 172.0 264.0 195.0 100.0
4219 97.0 43.0 208.0 323.0
4220 219.0 54.0 264.0 220.0
4221 184.0 91.0 116.0 197.0
4222 47.0 110.0 372.0 285.0
4223 11.0 56.0 347.0 335.0
4224 88.0 99.0 207.0 138.0
4225 234.0 121.0 130.0 181.0
4226 133.0 70.0 213.0 294.0
4227 134.0 88.0 293.0 222.0
4228 62.0 100.0 185.0 262.0
4229 45.0 112.0 214.0 247.0
4230 107.0 54.0 335.0 250.0
4231 268.0 22.0 135.0 345.0
4232 177.0 89.0 315.0 284.0
4233 44.0 45.0 268.0 143.0
4234 17.0 94.0 447.0 235.0
4235 27.0 28.0 453.0 265.0
4236 184.0 79.0 147.0 242.0
4237 105.0 15.0 255.0 305.0
4238 14.0 70.0 417.0 155.0
4239 0.0 49.0 304.0 282.0
4240 46.0 73.0 262.0 231.0
4241 91.0 44.0 296.0 280.0
4242 62.0 123.0 251.0 284.0
4243 147.0 125.0 201.0 203.0
4244 212.0 134.0 225.0 119.0
4245 14.0 91.0 468.0 260.0
4246 3.0 53.0 427.0 259.0
4247 141.0 33.0 173.0 272.0
4248 178.0 114.0 119.0 164.0
4249 93.0 91.0 207.0 229.0
4250 73.0 99.0 320.0 233.0
4251 204.0 60.0 290.0 283.0
4252 55.0 89.0 341.0 193.0
4253 55.0 1.0 283.0 417.0
4254 125.0 72.0 288.0 339.0
4255 22.0 82.0 351.0 258.0
4256 111.0 270.0 195.0 153.0
4673 181.0 56.0 175.0 242.0
4674 113.0 76.0 245.0 261.0
4675 57.0 105.0 268.0 234.0
4676 82.0 100.0 376.0 181.0
4677 167.0 108.0 141.0 140.0
4678 178.0 188.0 219.0 139.0
4679 180.0 80.0 120.0 128.0
4680 123.0 80.0 210.0 156.0
4681 166.0 115.0 153.0 101.0
4682 81.0 111.0 199.0 123.0
4683 118.0 39.0 125.0 198.0
4684 38.0 46.0 330.0 236.0
4685 51.0 141.0 248.0 123.0
4686 28.0 68.0 358.0 270.0
4687 197.0 97.0 158.0 128.0
4688 95.0 61.0 259.0 227.0
4689 14.0 134.0 277.0 210.0
4690 67.0 105.0 277.0 233.0
4691 15.0 10.0 452.0 313.0
4692 190.0 64.0 158.0 240.0
4693 125.0 157.0 339.0 120.0
4694 233.0 79.0 238.0 173.0
4695 235.0 31.0 213.0 130.0
4696 98.0 109.0 284.0 198.0
4697 60.0 33.0 249.0 143.0
4698 232.0 42.0 213.0 163.0
4699 68.0 87.0 394.0 302.0
4700 160.0 121.0 149.0 115.0
4701 72.0 170.0 188.0 164.0
4702 41.0 57.0 315.0 230.0
4703 10.0 90.0 431.0 226.0
4704 165.0 88.0 234.0 189.0
4705 61.0 81.0 313.0 221.0
4706 46.0 86.0 322.0 179.0
4707 137.0 37.0 226.0 159.0
4708 85.0 87.0 248.0 131.0
4709 189.0 117.0 162.0 115.0
4710 193.0 50.0 213.0 266.0
4711 58.0 126.0 275.0 121.0
4712 91.0 83.0 136.0 204.0
4713 96.0 93.0 249.0 254.0
4714 31.0 42.0 235.0 189.0
4715 87.0 67.0 295.0 163.0
4716 82.0 35.0 166.0 256.0
4717 138.0 45.0 180.0 120.0
4718 191.0 116.0 145.0 142.0
4719 148.0 9.0 291.0 318.0
4720 54.0 47.0 369.0 266.0
4721 167.0 98.0 206.0 105.0
4722 38.0 15.0 390.0 272.0
4723 15.0 64.0 456.0 202.0
4724 218.0 154.0 211.0 256.0
4725 109.0 79.0 264.0 205.0
4726 169.0 72.0 261.0 202.0
4727 94.0 98.0 251.0 171.0
4728 113.0 40.0 276.0 257.0
4729 37.0 100.0 365.0 200.0
4730 216.0 119.0 252.0 167.0
4731 12.0 47.0 428.0 234.0
4732 83.0 94.0 205.0 138.0
5506 63.0 133.0 255.0 215.0
5507 60.0 19.0 424.0 266.0
5508 111.0 129.0 203.0 119.0
5509 219.0 118.0 224.0 190.0
5510 175.0 99.0 200.0 301.0
5511 88.0 4.0 411.0 328.0
5512 142.0 71.0 170.0 330.0
5513 77.0 46.0 308.0 260.0
5514 125.0 83.0 243.0 109.0
5515 201.0 125.0 118.0 123.0
5516 131.0 90.0 145.0 363.0
5517 78.0 45.0 212.0 391.0
5518 118.0 95.0 173.0 246.0
5519 65.0 103.0 352.0 269.0
5520 15.0 99.0 246.0 192.0
5521 185.0 65.0 254.0 173.0
5522 55.0 152.0 221.0 206.0
5523 236.0 143.0 242.0 213.0
5524 269.0 137.0 117.0 168.0
5525 141.0 24.0 270.0 275.0
5526 17.0 27.0 449.0 266.0
5527 39.0 54.0 325.0 319.0
5528 109.0 121.0 172.0 216.0
5529 76.0 116.0 238.0 365.0
5530 178.0 70.0 187.0 194.0
5531 157.0 144.0 221.0 156.0
5532 159.0 68.0 329.0 242.0
5533 35.0 60.0 272.0 438.0
5534 49.0 85.0 264.0 228.0
5535 38.0 77.0 319.0 374.0
5536 148.0 182.0 144.0 208.0
5537 164.0 13.0 314.0 221.0
5538 195.0 121.0 100.0 135.0
5539 95.0 154.0 136.0 345.0
5540 162.0 147.0 239.0 234.0
5541 74.0 81.0 239.0 147.0
5542 170.0 61.0 140.0 267.0
5543 55.0 79.0 317.0 222.0
5544 92.0 95.0 255.0 360.0
5545 68.0 179.0 219.0 121.0
5546 46.0 83.0 282.0 387.0
5547 22.0 73.0 293.0 280.0
5548 136.0 74.0 209.0 212.0
5549 110.0 73.0 180.0 172.0
5550 6.0 94.0 325.0 208.0
5551 30.0 104.0 224.0 234.0
5552 167.0 63.0 164.0 226.0
5553 226.0 186.0 181.0 117.0
5554 69.0 110.0 236.0 262.0
5555 21.0 90.0 272.0 255.0
5556 49.0 125.0 288.0 161.0
5557 207.0 106.0 262.0 204.0
5558 24.0 60.0 434.0 352.0
5559 37.0 107.0 361.0 271.0
5560 100.0 120.0 267.0 344.0
5561 170.0 108.0 219.0 202.0
5562 34.0 84.0 314.0 201.0
5563 66.0 37.0 304.0 136.0
5564 149.0 110.0 101.0 160.0
5565 53.0 109.0 268.0 241.0
5865 55.0 90.0 397.0 174.0
5866 26.0 72.0 430.0 194.0
5867 76.0 86.0 348.0 140.0
5868 113.0 76.0 305.0 172.0
5869 33.0 29.0 425.0 341.0
5870 71.0 75.0 282.0 164.0
5871 27.0 90.0 247.0 352.0
5872 1.0 111.0 332.0 388.0
5873 62.0 8.0 358.0 257.0
5874 38.0 61.0 323.0 207.0
5875 133.0 153.0 236.0 157.0
5876 7.0 30.0 481.0 201.0
5877 99.0 124.0 284.0 143.0
5878 34.0 21.0 277.0 245.0
5879 96.0 49.0 377.0 270.0
5880 53.0 35.0 182.0 325.0
5881 206.0 48.0 273.0 206.0
5882 28.0 45.0 280.0 397.0
5883 151.0 98.0 162.0 142.0
5884 124.0 86.0 351.0 288.0
5885 9.0 86.0 477.0 153.0
5886 97.0 53.0 319.0 199.0
5887 2.0 11.0 491.0 294.0
5888 116.0 81.0 172.0 226.0
5889 87.0 57.0 412.0 225.0
5890 28.0 67.0 272.0 422.0
5891 152.0 80.0 283.0 233.0
5892 138.0 130.0 206.0 135.0
5893 210.0 108.0 248.0 232.0
5894 150.0 103.0 205.0 114.0
5895 9.0 56.0 452.0 165.0
5896 94.0 117.0 221.0 145.0
5897 92.0 97.0 302.0 128.0
5898 110.0 90.0 276.0 137.0
5899 134.0 53.0 193.0 228.0
5900 66.0 72.0 263.0 165.0
5901 77.0 43.0 316.0 137.0
5902 174.0 96.0 226.0 121.0
5903 151.0 44.0 301.0 225.0
5904 99.0 55.0 317.0 136.0
5905 115.0 22.0 293.0 329.0
5906 1.0 1.0 491.0 250.0
5907 1.0 5.0 327.0 496.0
5908 56.0 45.0 443.0 279.0
5909 83.0 38.0 284.0 330.0
5910 95.0 118.0 265.0 165.0
5911 123.0 134.0 254.0 144.0
5912 133.0 82.0 360.0 221.0
5913 48.0 147.0 338.0 179.0
5914 70.0 56.0 363.0 193.0
6144 167.0 131.0 332.0 144.0
6145 40.0 44.0 401.0 259.0
6146 24.0 66.0 229.0 194.0
6147 100.0 33.0 318.0 344.0
6148 144.0 84.0 162.0 204.0
6149 54.0 34.0 345.0 278.0
6150 131.0 105.0 297.0 170.0
6151 113.0 137.0 266.0 124.0
6152 165.0 91.0 211.0 153.0
6153 224.0 123.0 186.0 119.0
6154 95.0 201.0 235.0 151.0
6155 19.0 41.0 417.0 282.0
6156 16.0 69.0 366.0 267.0
6157 54.0 117.0 327.0 136.0
6158 165.0 100.0 196.0 142.0
6159 92.0 17.0 394.0 365.0
6160 135.0 84.0 329.0 195.0
6161 53.0 137.0 236.0 107.0
6162 108.0 63.0 283.0 137.0
6163 56.0 86.0 193.0 225.0
6164 144.0 59.0 226.0 169.0
6165 244.0 79.0 139.0 129.0
6166 109.0 117.0 264.0 132.0
6167 126.0 122.0 266.0 193.0
6168 66.0 94.0 289.0 146.0
6169 141.0 54.0 208.0 169.0
6170 47.0 33.0 246.0 464.0
6171 157.0 76.0 201.0 256.0
6172 184.0 103.0 230.0 192.0
6173 143.0 98.0 286.0 156.0
6174 166.0 123.0 162.0 100.0
6175 35.0 66.0 364.0 280.0
6176 57.0 85.0 364.0 130.0
6177 83.0 16.0 330.0 315.0
6178 152.0 27.0 218.0 266.0
6179 197.0 79.0 186.0 196.0
6180 217.0 132.0 144.0 163.0
6181 30.0 57.0 466.0 381.0
6182 164.0 140.0 127.0 191.0
6183 122.0 45.0 376.0 352.0
6184 73.0 38.0 408.0 179.0
6185 50.0 108.0 300.0 211.0
6186 44.0 107.0 267.0 182.0
6187 99.0 91.0 138.0 295.0
6188 48.0 66.0 202.0 251.0
6189 5.0 72.0 442.0 395.0
6190 177.0 88.0 133.0 193.0
6191 89.0 36.0 410.0 338.0
6192 140.0 150.0 145.0 260.0
6193 190.0 54.0 175.0 203.0
6194 132.0 31.0 367.0 303.0
6195 12.0 15.0 487.0 484.0
6196 64.0 92.0 244.0 238.0
6197 119.0 175.0 131.0 215.0
6198 27.0 75.0 215.0 290.0
6199 191.0 103.0 113.0 116.0
6200 173.0 114.0 133.0 142.0
6201 146.0 90.0 137.0 145.0
6202 217.0 113.0 134.0 144.0
6203 183.0 56.0 317.0 205.0
6263 190.0 108.0 114.0 163.0
6264 163.0 61.0 122.0 176.0
6265 2.0 9.0 289.0 490.0
6266 76.0 166.0 212.0 165.0
6267 212.0 93.0 155.0 154.0
6268 22.0 52.0 434.0 269.0
6269 42.0 36.0 353.0 463.0
6270 137.0 125.0 143.0 124.0
6271 120.0 116.0 311.0 169.0
6272 114.0 148.0 223.0 125.0
6273 3.0 31.0 387.0 304.0
6274 61.0 44.0 298.0 264.0
6275 53.0 7.0 368.0 266.0
6276 102.0 301.0 120.0 106.0
6277 63.0 114.0 290.0 260.0
6278 312.0 81.0 164.0 209.0
6279 31.0 130.0 385.0 179.0
6280 29.0 35.0 281.0 190.0
6281 5.0 15.0 128.0 143.0
6282 84.0 38.0 415.0 406.0
6283 20.0 11.0 323.0 312.0
6284 49.0 79.0 334.0 260.0
6285 15.0 18.0 213.0 467.0
6286 8.0 58.0 130.0 111.0
6287 25.0 77.0 368.0 249.0
6288 42.0 100.0 286.0 328.0
6289 37.0 86.0 281.0 200.0
6290 123.0 109.0 253.0 228.0
6291 33.0 87.0 204.0 334.0
6292 119.0 61.0 129.0 117.0
6293 62.0 64.0 145.0 129.0
6294 145.0 25.0 348.0 295.0
6295 174.0 80.0 222.0 203.0
6296 71.0 95.0 254.0 204.0
6297 59.0 131.0 260.0 182.0
6298 31.0 15.0 439.0 409.0
6299 19.0 36.0 300.0 276.0
6300 47.0 41.0 275.0 248.0
6301 94.0 53.0 325.0 272.0
6302 15.0 12.0 294.0 300.0
6303 40.0 37.0 348.0 217.0
6304 100.0 51.0 141.0 274.0
6305 49.0 34.0 339.0 279.0
6306 51.0 16.0 359.0 312.0
6307 25.0 16.0 167.0 152.0
6308 90.0 129.0 116.0 132.0
6309 40.0 31.0 307.0 288.0
6310 218.0 59.0 213.0 279.0
6311 119.0 107.0 284.0 165.0
6312 36.0 34.0 155.0 205.0
6313 115.0 24.0 262.0 473.0
6314 28.0 66.0 299.0 153.0
6315 158.0 132.0 250.0 266.0
6316 156.0 110.0 122.0 101.0
6317 16.0 29.0 152.0 172.0
6318 127.0 220.0 102.0 160.0
6319 180.0 39.0 160.0 254.0
6320 3.0 9.0 249.0 362.0
6321 106.0 64.0 339.0 432.0
6322 141.0 75.0 287.0 227.0
6503 123.0 100.0 131.0 265.0
6504 211.0 98.0 101.0 102.0
6505 26.0 128.0 306.0 307.0
6506 24.0 8.0 138.0 156.0
6507 57.0 143.0 213.0 155.0
6508 100.0 113.0 170.0 293.0
6509 77.0 86.0 231.0 161.0
6510 90.0 71.0 178.0 252.0
6511 242.0 102.0 129.0 134.0
6512 47.0 125.0 254.0 212.0
6513 21.0 56.0 367.0 240.0
6514 31.0 37.0 300.0 321.0
6515 105.0 37.0 393.0 301.0
6516 56.0 163.0 213.0 108.0
6517 158.0 97.0 146.0 125.0
6518 101.0 74.0 212.0 172.0
6519 75.0 46.0 204.0 118.0
6520 182.0 95.0 169.0 182.0
6521 35.0 93.0 444.0 226.0
6522 75.0 93.0 296.0 233.0
6523 18.0 58.0 361.0 223.0
6524 93.0 68.0 167.0 366.0
6525 157.0 58.0 117.0 186.0
6526 138.0 83.0 324.0 249.0
6527 94.0 51.0 231.0 221.0
6528 42.0 77.0 235.0 234.0
6529 117.0 68.0 322.0 220.0
6530 80.0 65.0 179.0 169.0
6531 45.0 69.0 257.0 267.0
6532 101.0 75.0 249.0 110.0
6533 11.0 49.0 164.0 116.0
6534 242.0 85.0 126.0 200.0
6535 104.0 15.0 302.0 338.0
6536 222.0 63.0 175.0 217.0
6537 177.0 75.0 151.0 153.0
6538 195.0 113.0 161.0 165.0
6539 22.0 36.0 334.0 272.0
6540 68.0 167.0 139.0 292.0
6541 135.0 70.0 179.0 195.0
6542 28.0 71.0 359.0 202.0
6543 4.0 29.0 285.0 388.0
6544 210.0 109.0 106.0 115.0
6545 30.0 56.0 263.0 425.0
6546 101.0 85.0 198.0 223.0
6547 106.0 137.0 188.0 119.0
6548 143.0 43.0 194.0 159.0
6549 70.0 61.0 316.0 403.0
6550 60.0 143.0 232.0 187.0
6551 21.0 48.0 357.0 265.0
6552 79.0 41.0 395.0 224.0
6553 80.0 36.0 161.0 431.0
6554 56.0 114.0 248.0 156.0
6555 178.0 99.0 227.0 147.0
6556 165.0 66.0 171.0 236.0
6557 191.0 86.0 272.0 167.0
6558 50.0 122.0 217.0 173.0
6559 128.0 131.0 302.0 107.0
6560 56.0 85.0 217.0 145.0
6561 161.0 122.0 280.0 219.0
6562 125.0 44.0 299.0 183.0
6851 6.0 90.0 359.0 203.0
6852 201.0 66.0 199.0 216.0
6853 139.0 98.0 296.0 243.0
6854 113.0 102.0 300.0 117.0
6855 177.0 36.0 251.0 254.0
6856 95.0 172.0 205.0 264.0
6857 145.0 134.0 267.0 162.0
6858 102.0 135.0 239.0 343.0
6859 184.0 66.0 243.0 262.0
6860 11.0 149.0 245.0 207.0
6861 0.0 89.0 388.0 167.0
6862 115.0 70.0 255.0 243.0
6863 200.0 82.0 294.0 263.0
6864 237.0 83.0 167.0 250.0
6865 113.0 62.0 275.0 252.0
6866 235.0 154.0 162.0 176.0
6867 116.0 119.0 277.0 269.0
6868 75.0 27.0 366.0 232.0
6869 74.0 81.0 185.0 159.0
6870 117.0 118.0 287.0 217.0
6871 36.0 38.0 242.0 264.0
6872 167.0 124.0 179.0 185.0
6873 54.0 76.0 326.0 200.0
6874 244.0 58.0 158.0 143.0
6875 104.0 31.0 292.0 169.0
6876 67.0 130.0 220.0 149.0
6877 26.0 57.0 306.0 251.0
6878 177.0 71.0 180.0 314.0
6879 152.0 62.0 248.0 212.0
6880 57.0 37.0 373.0 272.0
6881 172.0 62.0 129.0 189.0
6882 64.0 77.0 239.0 237.0
6883 32.0 26.0 420.0 346.0
6884 22.0 96.0 251.0 174.0
6885 112.0 52.0 270.0 272.0
6886 210.0 132.0 174.0 188.0
6887 209.0 25.0 180.0 187.0
6888 125.0 117.0 205.0 203.0
6889 137.0 77.0 228.0 200.0
6890 45.0 152.0 277.0 257.0
6891 184.0 96.0 291.0 202.0
6892 228.0 67.0 182.0 194.0
6893 24.0 43.0 460.0 254.0
6894 82.0 67.0 143.0 178.0
6895 113.0 40.0 376.0 263.0
6896 95.0 62.0 232.0 353.0
6897 296.0 81.0 148.0 219.0
6898 49.0 116.0 192.0 186.0
6899 74.0 87.0 200.0 271.0
6900 94.0 66.0 269.0 242.0
6901 166.0 79.0 209.0 192.0
6902 49.0 151.0 327.0 160.0
6903 16.0 88.0 272.0 276.0
6904 19.0 49.0 380.0 290.0
6905 117.0 59.0 313.0 208.0
6906 111.0 87.0 144.0 192.0
6907 116.0 5.0 383.0 367.0
6908 214.0 95.0 145.0 199.0
6909 48.0 171.0 338.0 226.0
6910 185.0 130.0 230.0 133.0
7807 127.0 87.0 248.0 224.0
7808 107.0 21.0 337.0 356.0
7809 26.0 157.0 185.0 280.0
7810 34.0 139.0 167.0 286.0
7811 15.0 49.0 352.0 258.0
7812 133.0 68.0 106.0 208.0
7813 31.0 135.0 225.0 147.0
7814 169.0 116.0 130.0 133.0
7815 30.0 121.0 223.0 284.0
7816 54.0 162.0 264.0 315.0
7817 66.0 37.0 257.0 294.0
7818 22.0 134.0 314.0 257.0
7819 89.0 60.0 219.0 274.0
7820 71.0 51.0 287.0 277.0
7821 123.0 17.0 312.0 305.0
7822 41.0 50.0 172.0 142.0
7823 87.0 43.0 298.0 266.0
7824 49.0 69.0 450.0 304.0
7825 17.0 59.0 348.0 283.0
7826 100.0 63.0 284.0 242.0
7827 112.0 26.0 221.0 276.0
7828 49.0 81.0 160.0 399.0
7829 209.0 49.0 282.0 285.0
7830 177.0 98.0 196.0 166.0
7831 45.0 58.0 231.0 139.0
7832 160.0 151.0 110.0 120.0
7833 32.0 15.0 381.0 306.0
7834 171.0 25.0 290.0 453.0
7835 189.0 83.0 160.0 239.0
7836 161.0 72.0 277.0 233.0
7837 120.0 104.0 148.0 349.0
7838 46.0 14.0 329.0 319.0
7839 75.0 85.0 287.0 241.0
7840 50.0 76.0 289.0 233.0
7841 60.0 60.0 201.0 295.0
7842 155.0 74.0 219.0 188.0
7843 193.0 57.0 212.0 230.0
7844 61.0 97.0 151.0 214.0
7845 73.0 75.0 242.0 311.0
7846 66.0 73.0 244.0 238.0
7847 105.0 65.0 320.0 238.0
7848 103.0 70.0 389.0 304.0
7849 98.0 86.0 238.0 223.0
7850 31.0 53.0 355.0 397.0
7851 98.0 90.0 347.0 224.0
7852 78.0 26.0 307.0 347.0
7853 47.0 19.0 367.0 337.0
7854 142.0 87.0 165.0 220.0
7855 181.0 50.0 249.0 273.0
7856 257.0 62.0 183.0 215.0
7857 109.0 52.0 117.0 212.0
7858 22.0 18.0 449.0 477.0
7859 223.0 50.0 268.0 198.0
7860 157.0 112.0 200.0 226.0
7861 91.0 161.0 133.0 190.0
7862 147.0 67.0 273.0 268.0
7863 50.0 71.0 274.0 244.0
7864 130.0 9.0 362.0 344.0
7865 66.0 39.0 339.0 454.0
7866 68.0 125.0 393.0 219.0
8046 80.0 48.0 305.0 255.0
8047 74.0 20.0 302.0 302.0
8048 143.0 72.0 158.0 196.0
8049 132.0 64.0 196.0 134.0
8050 105.0 140.0 145.0 111.0
8051 58.0 129.0 130.0 226.0
8052 141.0 48.0 252.0 280.0
8053 192.0 51.0 216.0 203.0
8054 23.0 33.0 444.0 220.0
8055 13.0 39.0 476.0 458.0
8056 131.0 121.0 284.0 212.0
8057 123.0 53.0 340.0 239.0
8058 136.0 38.0 350.0 254.0
8059 72.0 81.0 263.0 146.0
8060 142.0 31.0 226.0 162.0
8061 145.0 32.0 122.0 282.0
8062 260.0 115.0 165.0 175.0
8063 52.0 168.0 230.0 328.0
8064 37.0 5.0 257.0 426.0
8065 106.0 94.0 156.0 188.0
8066 85.0 37.0 207.0 279.0
8067 214.0 114.0 212.0 163.0
8068 63.0 55.0 208.0 266.0
8069 109.0 79.0 381.0 235.0
8070 186.0 119.0 147.0 180.0
8071 170.0 68.0 239.0 243.0
8072 16.0 121.0 208.0 275.0
8073 108.0 54.0 249.0 273.0
8074 80.0 101.0 101.0 153.0
8075 165.0 133.0 258.0 153.0
8076 230.0 147.0 193.0 172.0
8077 77.0 182.0 243.0 213.0
8078 101.0 123.0 212.0 239.0
8079 121.0 70.0 299.0 290.0
8080 95.0 52.0 105.0 240.0
8081 166.0 91.0 255.0 218.0
8082 98.0 81.0 126.0 188.0
8083 226.0 171.0 101.0 163.0
8084 90.0 54.0 279.0 242.0
8085 68.0 63.0 341.0 239.0
8086 25.0 126.0 236.0 208.0
8087 85.0 141.0 169.0 220.0
8088 75.0 45.0 316.0 229.0
8089 119.0 75.0 294.0 244.0
8090 76.0 145.0 154.0 240.0
8091 89.0 67.0 210.0 372.0
8092 183.0 127.0 247.0 208.0
8093 184.0 36.0 262.0 351.0
8094 141.0 89.0 228.0 342.0
8095 88.0 75.0 310.0 244.0
8096 299.0 63.0 126.0 138.0
8097 123.0 49.0 207.0 243.0
8098 218.0 51.0 126.0 151.0
8099 283.0 104.0 210.0 164.0
8100 73.0 119.0 227.0 338.0
8101 143.0 126.0 205.0 110.0
8102 24.0 47.0 229.0 259.0
8103 66.0 60.0 228.0 353.0
8104 150.0 110.0 267.0 146.0
8105 196.0 59.0 199.0 261.0
8404 40.0 81.0 345.0 147.0
8405 104.0 98.0 264.0 178.0
8406 109.0 110.0 296.0 140.0
8407 240.0 84.0 205.0 228.0
8408 101.0 99.0 279.0 168.0
8409 97.0 39.0 198.0 240.0
8410 137.0 3.0 301.0 230.0
8411 176.0 119.0 253.0 161.0
8412 131.0 82.0 368.0 208.0
8413 79.0 82.0 190.0 124.0
8414 93.0 11.0 218.0 302.0
8415 41.0 34.0 195.0 168.0
8416 115.0 84.0 220.0 275.0
8417 31.0 19.0 417.0 268.0
8418 91.0 49.0 316.0 205.0
8419 109.0 92.0 233.0 141.0
8420 178.0 78.0 112.0 137.0
8421 136.0 113.0 237.0 104.0
8422 142.0 2.0 357.0 322.0
8423 1.0 25.0 474.0 268.0
8424 95.0 56.0 390.0 195.0
8425 262.0 42.0 197.0 191.0
8426 0.0 125.0 312.0 220.0
8427 21.0 87.0 424.0 171.0
8428 94.0 14.0 335.0 244.0
8429 199.0 28.0 222.0 263.0
8430 65.0 42.0 433.0 259.0
8431 93.0 41.0 136.0 311.0
8432 195.0 139.0 222.0 125.0
8433 243.0 27.0 188.0 238.0
8434 166.0 92.0 225.0 206.0
8435 71.0 72.0 408.0 202.0
8436 103.0 57.0 324.0 124.0
8437 73.0 49.0 223.0 206.0
8438 42.0 57.0 174.0 260.0
8439 55.0 21.0 303.0 245.0
8440 22.0 24.0 460.0 300.0
8441 133.0 121.0 182.0 132.0
8442 106.0 92.0 265.0 261.0
8443 41.0 54.0 143.0 235.0
8444 90.0 11.0 207.0 273.0
8445 39.0 21.0 413.0 460.0
8446 184.0 16.0 299.0 266.0
8447 152.0 107.0 315.0 164.0
8448 164.0 26.0 279.0 265.0
8449 15.0 44.0 464.0 243.0
8450 132.0 52.0 108.0 121.0
8451 13.0 82.0 352.0 113.0
8452 38.0 92.0 329.0 194.0
8453 37.0 80.0 336.0 134.0
8454 23.0 17.0 348.0 146.0
8455 2.0 71.0 497.0 245.0
8456 83.0 60.0 252.0 164.0
8457 2.0 45.0 383.0 168.0
8458 87.0 56.0 215.0 301.0
8459 110.0 128.0 234.0 102.0
8460 254.0 99.0 202.0 215.0
8461 170.0 7.0 184.0 272.0
8462 182.0 153.0 223.0 150.0
8463 143.0 105.0 338.0 186.0
11190 75.0 72.0 287.0 197.0
11191 95.0 49.0 167.0 264.0
11192 138.0 51.0 276.0 383.0
11193 167.0 59.0 229.0 289.0
11194 72.0 81.0 200.0 392.0
11195 121.0 106.0 183.0 279.0
11196 151.0 100.0 165.0 124.0
11197 87.0 138.0 228.0 249.0
11198 18.0 35.0 294.0 384.0
11199 5.0 78.0 326.0 190.0
11200 59.0 50.0 355.0 253.0
11201 204.0 150.0 122.0 154.0
11202 0.0 81.0 334.0 360.0
11203 132.0 192.0 122.0 173.0
11204 36.0 153.0 338.0 189.0
11205 187.0 99.0 114.0 221.0
11206 151.0 15.0 157.0 318.0
11207 25.0 107.0 283.0 354.0
11208 160.0 30.0 240.0 343.0
11209 201.0 67.0 232.0 428.0
11210 171.0 82.0 298.0 179.0
11211 64.0 69.0 140.0 333.0
11212 85.0 87.0 216.0 164.0
11213 100.0 99.0 184.0 358.0
11214 156.0 41.0 200.0 311.0
11215 39.0 130.0 130.0 214.0
11216 111.0 105.0 116.0 138.0
11217 53.0 163.0 214.0 177.0
11218 64.0 130.0 137.0 329.0
11219 38.0 136.0 279.0 214.0
11220 53.0 70.0 180.0 392.0
11221 88.0 49.0 195.0 316.0
11222 108.0 84.0 156.0 392.0
11223 55.0 93.0 214.0 287.0
11224 216.0 45.0 142.0 276.0
11225 183.0 113.0 111.0 138.0
11226 40.0 124.0 154.0 280.0
11227 264.0 72.0 118.0 229.0
11228 196.0 53.0 212.0 158.0
11229 58.0 72.0 281.0 282.0
11230 32.0 57.0 228.0 442.0
11231 1.0 105.0 300.0 232.0
11232 71.0 41.0 219.0 429.0
11233 143.0 103.0 140.0 166.0
11234 46.0 71.0 151.0 253.0
11235 80.0 68.0 159.0 376.0
11236 115.0 101.0 211.0 223.0
11237 140.0 115.0 192.0 167.0
11238 114.0 118.0 214.0 230.0
11239 186.0 55.0 134.0 267.0
11240 101.0 156.0 166.0 217.0
11241 99.0 70.0 385.0 247.0
11242 61.0 207.0 150.0 218.0
11243 112.0 160.0 183.0 209.0
11244 117.0 154.0 231.0 280.0
11245 97.0 90.0 256.0 407.0
11246 5.0 151.0 248.0 219.0
11247 45.0 48.0 225.0 429.0
11248 86.0 35.0 259.0 339.0
11249 91.0 96.0 148.0 239.0
