61 2
62 2
63 2
64 2
65 2
66 2
67 2
68 2
69 2
70 2
71 2
72 2
73 2
74 2
75 2
76 2
77 2
78 2
79 2
80 2
81 2
82 2
83 2
84 2
85 2
86 2
87 2
88 2
89 2
90 2
91 2
92 2
93 2
94 2
95 2
96 2
97 2
98 2
99 2
100 2
101 2
102 2
103 2
104 2
105 2
106 2
107 2
108 2
109 2
110 2
111 2
112 2
113 2
114 2
115 2
116 2
117 2
118 2
119 2
120 2
604 12
605 12
606 12
607 12
608 12
609 12
610 12
611 12
612 12
613 12
614 12
615 12
616 12
617 12
618 12
619 12
620 12
621 12
622 12
623 12
624 12
625 12
626 12
627 12
628 12
629 12
630 12
631 12
632 12
633 12
634 12
635 12
636 12
637 12
638 12
639 12
640 12
641 12
642 12
643 12
644 12
645 12
646 12
647 12
648 12
649 12
650 12
651 12
652 12
653 12
654 12
655 12
656 12
657 12
658 12
659 12
720 14
721 14
722 14
723 14
724 14
725 14
726 14
727 14
728 14
729 14
730 14
731 14
732 14
733 14
734 14
735 14
736 14
737 14
738 14
739 14
740 14
741 14
742 14
743 14
744 14
745 14
746 14
747 14
748 14
749 14
750 14
751 14
752 14
753 14
754 14
755 14
756 14
757 14
758 14
759 14
760 14
761 14
762 14
763 14
764 14
765 14
766 14
767 14
768 14
769 14
770 14
771 14
772 14
773 14
774 14
775 14
776 14
777 14
778 14
779 14
1343 25
1344 25
1345 25
1346 25
1347 25
1348 25
1349 25
1350 25
1351 25
1352 25
1353 25
1354 25
1355 25
1356 25
1357 25
1358 25
1359 25
1360 25
1361 25
1362 25
1363 25
1364 25
1365 25
1366 25
1367 25
1368 25
1369 25
1370 25
1371 25
1372 25
1373 25
1374 25
1375 25
1376 25
1377 25
1378 25
1379 25
1380 25
1381 25
1382 25
1383 25
1384 25
1385 25
1386 25
1387 25
1388 25
1389 25
1390 25
1391 25
1392 25
1393 25
1394 25
1395 25
1396 25
1397 25
1398 25
1399 25
1400 25
1401 25
1402 25
1582 29
1583 29
1584 29
1585 29
1586 29
1587 29
1588 29
1589 29
1590 29
1591 29
1592 29
1593 29
1594 29
1595 29
1596 29
1597 29
1598 29
1599 29
1600 29
1601 29
1602 29
1603 29
1604 29
1605 29
1606 29
1607 29
1608 29
1609 29
1610 29
1611 29
1612 29
1613 29
1614 29
1615 29
1616 29
1617 29
1618 29
1619 29
1620 29
1621 29
1622 29
1623 29
1624 29
1625 29
1626 29
1627 29
1628 29
1629 29
1630 29
1631 29
1632 29
1633 29
1634 29
1635 29
1636 29
1637 29
1638 29
1639 29
1640 29
1641 29
1815 33
1816 33
1817 33
1818 33
1819 33
1820 33
1821 33
1822 33
1823 33
1824 33
1825 33
1826 33
1827 33
1828 33
1829 33
1830 33
1831 33
1832 33
1833 33
1834 33
1835 33
1836 33
1837 33
1838 33
1839 33
1840 33
1841 33
1842 33
1843 33
1844 33
1845 33
1846 33
1847 33
1848 33
1849 33
1850 33
1851 33
1852 33
1853 33
1854 33
1855 33
1856 33
1857 33
1858 33
1859 33
1860 33
1861 33
1862 33
1863 33
1864 33
1865 33
1866 33
1867 33
1868 33
1869 33
1870 33
1871 33
1872 33
1873 33
1933 35
1934 35
1935 35
1936 35
1937 35
1938 35
1939 35
1940 35
1941 35
1942 35
1943 35
1944 35
1945 35
1946 35
1947 35
1948 35
1949 35
1950 35
1951 35
1952 35
1953 35
1954 35
1955 35
1956 35
1957 35
1958 35
1959 35
1960 35
1961 35
1962 35
1963 35
1964 35
1965 35
1966 35
1967 35
1968 35
1969 35
1970 35
1971 35
1972 35
1973 35
1974 35
1975 35
1976 35
1977 35
1978 35
1979 35
1980 35
1981 35
1982 35
1983 35
1984 35
1985 35
1986 35
1987 35
1988 35
1989 35
1990 35
1991 35
1992 35
2351 42
2352 42
2353 42
2354 42
2355 42
2356 42
2357 42
2358 42
2359 42
2360 42
2361 42
2362 42
2363 42
2364 42
2365 42
2366 42
2367 42
2368 42
2369 42
2370 42
2371 42
2372 42
2373 42
2374 42
2375 42
2376 42
2377 42
2378 42
2379 42
2380 42
2381 42
2382 42
2383 42
2384 42
2385 42
2386 42
2387 42
2388 42
2389 42
2390 42
2391 42
2392 42
2393 42
2394 42
2395 42
2396 42
2397 42
2398 42
2399 42
2400 42
2401 42
2402 42
2403 42
2404 42
2405 42
2406 42
2407 42
2408 42
2409 42
2410 42
2710 48
2711 48
2712 48
2713 48
2714 48
2715 48
2716 48
2717 48
2718 48
2719 48
2720 48
2721 48
2722 48
2723 48
2724 48
2725 48
2726 48
2727 48
2728 48
2729 48
2730 48
2731 48
2732 48
2733 48
2734 48
2735 48
2736 48
2737 48
2738 48
2739 48
2740 48
2741 48
2742 48
2743 48
2744 48
2745 48
2746 48
2747 48
2748 48
2749 48
2750 48
2751 48
2752 48
2753 48
2754 48
2755 48
2756 48
2757 48
2758 48
2759 48
2760 48
2761 48
2762 48
2763 48
2764 48
2765 48
2766 48
2767 48
2768 48
2769 48
2830 50
2831 50
2832 50
2833 50
2834 50
2835 50
2836 50
2837 50
2838 50
2839 50
2840 50
2841 50
2842 50
2843 50
2844 50
2845 50
2846 50
2847 50
2848 50
2849 50
2850 50
2851 50
2852 50
2853 50
2854 50
2855 50
2856 50
2857 50
2858 50
2859 50
2860 50
2861 50
2862 50
2863 50
2864 50
2865 50
2866 50
2867 50
2868 50
2869 50
2870 50
2871 50
2872 50
2873 50
2874 50
2875 50
2876 50
2877 50
2878 50
2879 50
2880 50
2881 50
2882 50
2883 50
2884 50
2885 50
2886 50
2887 50
2888 50
2889 50
3368 59
3369 59
3370 59
3371 59
3372 59
3373 59
3374 59
3375 59
3376 59
3377 59
3378 59
3379 59
3380 59
3381 59
3382 59
3383 59
3384 59
3385 59
3386 59
3387 59
3388 59
3389 59
3390 59
3391 59
3392 59
3393 59
3394 59
3395 59
3396 59
3397 59
3398 59
3399 59
3400 59
3401 59
3402 59
3403 59
3404 59
3405 59
3406 59
3407 59
3408 59
3409 59
3410 59
3411 59
3412 59
3413 59
3414 59
3415 59
3416 59
3417 59
3418 59
3419 59
3420 59
3421 59
3422 59
3423 59
3424 59
3425 59
3426 59
3427 59
3897 68
3898 68
3899 68
3900 68
3901 68
3902 68
3903 68
3904 68
3905 68
3906 68
3907 68
3908 68
3909 68
3910 68
3911 68
3912 68
3913 68
3914 68
3915 68
3916 68
3917 68
3918 68
3919 68
3920 68
3921 68
3922 68
3923 68
3924 68
3925 68
3926 68
3927 68
3928 68
3929 68
3930 68
3931 68
3932 68
3933 68
3934 68
3935 68
3936 68
3937 68
3938 68
3939 68
3940 68
3941 68
3942 68
3943 68
3944 68
3945 68
3946 68
3947 68
3948 68
3949 68
3950 68
3951 68
3952 68
3953 68
3954 68
3955 68
3956 68
4197 73
4198 73
4199 73
4200 73
4201 73
4202 73
4203 73
4204 73
4205 73
4206 73
4207 73
4208 73
4209 73
4210 73
4211 73
4212 73
4213 73
4214 73
4215 73
4216 73
4217 73
4218 73
4219 73
4220 73
4221 73
4222 73
4223 73
4224 73
4225 73
4226 73
4227 73
4228 73
4229 73
4230 73
4231 73
4232 73
4233 73
4234 73
4235 73
4236 73
4237 73
4238 73
4239 73
4240 73
4241 73
4242 73
4243 73
4244 73
4245 73
4246 73
4247 73
4248 73
4249 73
4250 73
4251 73
4252 73
4253 73
4254 73
4255 73
4256 73
4673 81
4674 81
4675 81
4676 81
4677 81
4678 81
4679 81
4680 81
4681 81
4682 81
4683 81
4684 81
4685 81
4686 81
4687 81
4688 81
4689 81
4690 81
4691 81
4692 81
4693 81
4694 81
4695 81
4696 81
4697 81
4698 81
4699 81
4700 81
4701 81
4702 81
4703 81
4704 81
4705 81
4706 81
4707 81
4708 81
4709 81
4710 81
4711 81
4712 81
4713 81
4714 81
4715 81
4716 81
4717 81
4718 81
4719 81
4720 81
4721 81
4722 81
4723 81
4724 81
4725 81
4726 81
4727 81
4728 81
4729 81
4730 81
4731 81
4732 81
5506 95
5507 95
5508 95
5509 95
5510 95
5511 95
5512 95
5513 95
5514 95
5515 95
5516 95
5517 95
5518 95
5519 95
5520 95
5521 95
5522 95
5523 95
5524 95
5525 95
5526 95
5527 95
5528 95
5529 95
5530 95
5531 95
5532 95
5533 95
5534 95
5535 95
5536 95
5537 95
5538 95
5539 95
5540 95
5541 95
5542 95
5543 95
5544 95
5545 95
5546 95
5547 95
5548 95
5549 95
5550 95
5551 95
5552 95
5553 95
5554 95
5555 95
5556 95
5557 95
5558 95
5559 95
5560 95
5561 95
5562 95
5563 95
5564 95
5565 95
5865 101
5866 101
5867 101
5868 101
5869 101
5870 101
5871 101
5872 101
5873 101
5874 101
5875 101
5876 101
5877 101
5878 101
5879 101
5880 101
5881 101
5882 101
5883 101
5884 101
5885 101
5886 101
5887 101
5888 101
5889 101
5890 101
5891 101
5892 101
5893 101
5894 101
5895 101
5896 101
5897 101
5898 101
5899 101
5900 101
5901 101
5902 101
5903 101
5904 101
5905 101
5906 101
5907 101
5908 101
5909 101
5910 101
5911 101
5912 101
5913 101
5914 101
6144 106
6145 106
6146 106
6147 106
6148 106
6149 106
6150 106
6151 106
6152 106
6153 106
6154 106
6155 106
6156 106
6157 106
6158 106
6159 106
6160 106
6161 106
6162 106
6163 106
6164 106
6165 106
6166 106
6167 106
6168 106
6169 106
6170 106
6171 106
6172 106
6173 106
6174 106
6175 106
6176 106
6177 106
6178 106
6179 106
6180 106
6181 106
6182 106
6183 106
6184 106
6185 106
6186 106
6187 106
6188 106
6189 106
6190 106
6191 106
6192 106
6193 106
6194 106
6195 106
6196 106
6197 106
6198 106
6199 106
6200 106
6201 106
6202 106
6203 106
6263 108
6264 108
6265 108
6266 108
6267 108
6268 108
6269 108
6270 108
6271 108
6272 108
6273 108
6274 108
6275 108
6276 108
6277 108
6278 108
6279 108
6280 108
6281 108
6282 108
6283 108
6284 108
6285 108
6286 108
6287 108
6288 108
6289 108
6290 108
6291 108
6292 108
6293 108
6294 108
6295 108
6296 108
6297 108
6298 108
6299 108
6300 108
6301 108
6302 108
6303 108
6304 108
6305 108
6306 108
6307 108
6308 108
6309 108
6310 108
6311 108
6312 108
6313 108
6314 108
6315 108
6316 108
6317 108
6318 108
6319 108
6320 108
6321 108
6322 108
6503 112
6504 112
6505 112
6506 112
6507 112
6508 112
6509 112
6510 112
6511 112
6512 112
6513 112
6514 112
6515 112
6516 112
6517 112
6518 112
6519 112
6520 112
6521 112
6522 112
6523 112
6524 112
6525 112
6526 112
6527 112
6528 112
6529 112
6530 112
6531 112
6532 112
6533 112
6534 112
6535 112
6536 112
6537 112
6538 112
6539 112
6540 112
6541 112
6542 112
6543 112
6544 112
6545 112
6546 112
6547 112
6548 112
6549 112
6550 112
6551 112
6552 112
6553 112
6554 112
6555 112
6556 112
6557 112
6558 112
6559 112
6560 112
6561 112
6562 112
6851 118
6852 118
6853 118
6854 118
6855 118
6856 118
6857 118
6858 118
6859 118
6860 118
6861 118
6862 118
6863 118
6864 118
6865 118
6866 118
6867 118
6868 118
6869 118
6870 118
6871 118
6872 118
6873 118
6874 118
6875 118
6876 118
6877 118
6878 118
6879 118
6880 118
6881 118
6882 118
6883 118
6884 118
6885 118
6886 118
6887 118
6888 118
6889 118
6890 118
6891 118
6892 118
6893 118
6894 118
6895 118
6896 118
6897 118
6898 118
6899 118
6900 118
6901 118
6902 118
6903 118
6904 118
6905 118
6906 118
6907 118
6908 118
6909 118
6910 118
7807 134
7808 134
7809 134
7810 134
7811 134
7812 134
7813 134
7814 134
7815 134
7816 134
7817 134
7818 134
7819 134
7820 134
7821 134
7822 134
7823 134
7824 134
7825 134
7826 134
7827 134
7828 134
7829 134
7830 134
7831 134
7832 134
7833 134
7834 134
7835 134
7836 134
7837 134
7838 134
7839 134
7840 134
7841 134
7842 134
7843 134
7844 134
7845 134
7846 134
7847 134
7848 134
7849 134
7850 134
7851 134
7852 134
7853 134
7854 134
7855 134
7856 134
7857 134
7858 134
7859 134
7860 134
7861 134
7862 134
7863 134
7864 134
7865 134
7866 134
8046 138
8047 138
8048 138
8049 138
8050 138
8051 138
8052 138
8053 138
8054 138
8055 138
8056 138
8057 138
8058 138
8059 138
8060 138
8061 138
8062 138
8063 138
8064 138
8065 138
8066 138
8067 138
8068 138
8069 138
8070 138
8071 138
8072 138
8073 138
8074 138
8075 138
8076 138
8077 138
8078 138
8079 138
8080 138
8081 138
8082 138
8083 138
8084 138
8085 138
8086 138
8087 138
8088 138
8089 138
8090 138
8091 138
8092 138
8093 138
8094 138
8095 138
8096 138
8097 138
8098 138
8099 138
8100 138
8101 138
8102 138
8103 138
8104 138
8105 138
8404 144
8405 144
8406 144
8407 144
8408 144
8409 144
8410 144
8411 144
8412 144
8413 144
8414 144
8415 144
8416 144
8417 144
8418 144
8419 144
8420 144
8421 144
8422 144
8423 144
8424 144
8425 144
8426 144
8427 144
8428 144
8429 144
8430 144
8431 144
8432 144
8433 144
8434 144
8435 144
8436 144
8437 144
8438 144
8439 144
8440 144
8441 144
8442 144
8443 144
8444 144
8445 144
8446 144
8447 144
8448 144
8449 144
8450 144
8451 144
8452 144
8453 144
8454 144
8455 144
8456 144
8457 144
8458 144
8459 144
8460 144
8461 144
8462 144
8463 144
11190 191
11191 191
11192 191
11193 191
11194 191
11195 191
11196 191
11197 191
11198 191
11199 191
11200 191
11201 191
11202 191
11203 191
11204 191
11205 191
11206 191
11207 191
11208 191
11209 191
11210 191
11211 191
11212 191
11213 191
11214 191
11215 191
11216 191
11217 191
11218 191
11219 191
11220 191
11221 191
11222 191
11223 191
11224 191
11225 191
11226 191
11227 191
11228 191
11229 191
11230 191
11231 191
11232 191
11233 191
11234 191
11235 191
11236 191
11237 191
11238 191
11239 191
11240 191
11241 191
11242 191
11243 191
11244 191
11245 191
11246 191
11247 191
11248 191
11249 191
